I
1050 Generated by WorldEditor 1.6.1r1

1     39 1 0 VVNB Hanoi Noibai
1302 flatten 1
100 44.49 2 1 0.00 1 2 1 11R  21.22529026  105.79258610    0    0 3 9 0 0 29L  21.21670559  105.82194987    0    0 2 9 0 0
100 54.22 2 0 0.00 0 2 0 11L  21.22471525  105.78629671    0   96 2 9 0 1 29R  21.21455343  105.82124988    0   99 2 9 0 1
110 2 0.00 0.0000 S7 North
111  21.22500178  105.79248946 1 102
111  21.22419514  105.79219873 1 102
111  21.22362324  105.79189427 1 102
112  21.22346319  105.79171800  21.22343332  105.79164017 1 102
111  21.22343758  105.79155547
111  21.22333247  105.79168645
111  21.22313290  105.79235851
111  21.22313456  105.79252380
112  21.22319735  105.79242994  21.22323511  105.79238223
111  21.22319735  105.79242994
112  21.22319735  105.79242994  21.22322843  105.79239067 1 102
112  21.22330955  105.79233380  21.22335097  105.79231726
111  21.22330955  105.79233380
112  21.22330955  105.79233380  21.22340131  105.79229717 1 102
111  21.22345039  105.79229717 1 102
111  21.22413966  105.79239103 1 102
111  21.22459206  105.79264971 1 102
111  21.22452164  105.79288779 1 102
111  21.22474965  105.79335342
111  21.22481185  105.79347842
111  21.22525999  105.79302743
111  21.22564837  105.79288092
113  21.22569318  105.79270007
110 2 0.00 0.0000 S7 South
112  21.22233026  105.79152673  21.22195132  105.79143278
111  21.22233026  105.79152673
112  21.22233026  105.79152673  21.22215879  105.79148421 1 102
112  21.22189073  105.79133467  21.22183579  105.79127252
111  21.22189073  105.79133467
112  21.22189073  105.79133467  21.22178853  105.79127798 1 102
111  21.22178700  105.79094346
111  21.22144561  105.79211421 1 102
112  21.22177839  105.79173475  21.22198683  105.79165867
111  21.22177839  105.79173475
112  21.22177839  105.79173475  21.22191272  105.79171330 1 102
112  21.22226368  105.79182890  21.22243545  105.79188693
111  21.22226368  105.79182890
112  21.22226368  105.79182890  21.22240679  105.79187581 1 102
112  21.22273614  105.79221829  21.22280820  105.79242285
111  21.22273614  105.79221829
112  21.22273614  105.79221829  21.22275692  105.79227727
111  21.22283894  105.79208660
111  21.22295025  105.79167976
112  21.22294249  105.79152146  21.22291735  105.79154514
111  21.22294249  105.79152146
114  21.22294249  105.79152146  21.22282063  105.79163626 1 102
110 2 0.00 0.0000 S6
112  21.21990251  105.79985140  21.21973357  105.79979799 1 102
111  21.21958213  105.79973221 1 102
112  21.21939523  105.79952162  21.21933991  105.79936669 1 102
111  21.21948386  105.79884174
111  21.21889314  105.80086754 1 102
112  21.21922260  105.80011789  21.21935287  105.79998212
111  21.21922260  105.80011789
112  21.21922260  105.80011789  21.21931088  105.80001524 1 102
111  21.21950341  105.80005853 1 102
112  21.21981398  105.80014070  21.22000426  105.80021128 1 102
112  21.22019671  105.80034534  21.22025450  105.80039303 1 102
112  21.22032591  105.80052082  21.22034964  105.80059648
111  21.22033806  105.80072113
111  21.22044869  105.80075079
111  21.22074676  105.79967288
111  21.22066072  105.79964321
112  21.22053473  105.79982451  21.22048998  105.79987598 1 102
114  21.22034585  105.79990232  21.22026435  105.79990073 1 102
110 2 0.00 0.0000 S5
111  21.22175846  105.80435538
111  21.22166115  105.80431692
111  21.22163554  105.80441307
111  21.22161506  105.80446801
111  21.22156384  105.80453119
111  21.22145695  105.80463352 1 102
111  21.21904150  105.80694580 1 102
112  21.21896724  105.80695678  21.21889810  105.80694030
111  21.21887761  105.80690459
111  21.21877774  105.80730015
111  21.21899797  105.80737158 1 102
111  21.21903382  105.80729741 1 102
111  21.22125911  105.80519872
112  21.22134106  105.80520970  21.22137435  105.80525366
111  21.22133850  105.80532782
113  21.22144349  105.80532233
110 2 0.00 0.0000 S4
111  21.21863113  105.80677697
111  21.21851845  105.80673577 1 102
112  21.21840834  105.80685388  21.21831871  105.80689234 1 102
111  21.21818556  105.80688685 1 102
112  21.21782961  105.80682641  21.21775279  105.80680719 1 102
112  21.21749415  105.80671104  21.21743526  105.80668083 1 102
112  21.21736355  105.80660391  21.21731490  105.80652425 1 102
111  21.21730661  105.80630832
111  21.21701523  105.80730755 1 102
112  21.21723039  105.80707089  21.21729185  105.80705441 1 102
112  21.21742501  105.80706265  21.21746598  105.80706815 1 102
112  21.21776815  105.80715879  21.21782449  105.80718352 1 102
112  21.21813946  105.80735932  21.21816596  105.80738225 1 102
112  21.21822653  105.80746920  21.21824531  105.80751855
111  21.21822653  105.80746920
112  21.21822653  105.80746920  21.21824445  105.80753787 1 102
111  21.21826238  105.80760929
113  21.21836737  105.80765324
110 2 0.00 0.0000 S3
111  21.21866691  105.80772761 1 102
112  21.21873609  105.80773632  21.21873644  105.80773639
111  21.21873609  105.80773632
112  21.21873609  105.80773632  21.21874140  105.80774216 1 102
112  21.21880775  105.80780544  21.21882839  105.80787844
111  21.21880775  105.80780544
112  21.21880775  105.80780544  21.21883336  105.80789930 1 102
111  21.21952476  105.81122542
111  21.21957384  105.81177711
111  21.21988753  105.81062109
112  21.21978510  105.81060049  21.21975949  105.81069434 1 102
112  21.21964213  105.81057302  21.21962719  105.81047687 1 102
112  21.21899278  105.80746793  21.21899338  105.80744110 1 102
111  21.21899797  105.80737158
113  21.21877774  105.80730015
110 2 0.00 0.0000 S2 North
111  21.21672554  105.81570578 1 102
112  21.21655461  105.81556070  21.21650169  105.81546701
111  21.21655461  105.81556070
112  21.21655461  105.81556070  21.21650066  105.81548136 1 102
111  21.21650066  105.81542400
111  21.21643175  105.81539294
111  21.21620275  105.81616010
111  21.21628000  105.81618062 1 102
112  21.21639628  105.81610547  21.21648377  105.81607113
111  21.21639628  105.81610547
112  21.21639628  105.81610547  21.21647554  105.81608328 1 102
111  21.21657131  105.81608851 1 102
111  21.21719289  105.81619160 1 102
111  21.21781754  105.81650513 1 102
112  21.21793491  105.81661958  21.21797759  105.81669970
111  21.21799039  105.81684163
111  21.21808428  105.81688741
111  21.21835743  105.81587104
111  21.21827207  105.81585502
112  21.21810349  105.81604959  21.21804587  105.81608164 1 102
111  21.21793064  105.81608622 1 102
113  21.21724990  105.81597176 1 102
110 2 0.00 0.0000 S2 South
112  21.21602869  105.81524940  21.21602642  105.81524831
111  21.21602869  105.81524940
112  21.21602869  105.81524940  21.21599055  105.81535783 1 102
112  21.21571971  105.81535783  21.21564150  105.81534556 1 102
112  21.21530581  105.81529850  21.21523143  105.81527395 1 102
111  21.21508838  105.81520643 1 102
112  21.21487683  105.81503123  21.21483486  105.81494735 1 102
111  21.21483633  105.81477975
112  21.21458251  105.81565021  21.21458251  105.81564816 1 102
112  21.21471800  105.81552933  21.21480193  105.81547614 1 102
112  21.21492435  105.81550719  21.21492625  105.81550515 1 102
112  21.21517039  105.81556448  21.21523333  105.81557471 1 102
112  21.21533955  105.81563182  21.21532575  105.81562294
111  21.21533955  105.81563182
112  21.21533955  105.81563182  21.21533955  105.81563281 1 102
111  21.21563204  105.81578566 1 102
112  21.21575976  105.81590411  21.21580363  105.81598391 1 102
111  21.21580554  105.81604529
111  21.21582361  105.81605540
113  21.21604980  105.81525868
110 2 0.00 0.0000 S1 North-East
112  21.21651999  105.82148646  21.21644103  105.82152996 1 102
112  21.21619989  105.82150935  21.21614329  105.82150383 1 102
112  21.21571762  105.82140405  21.21563426  105.82137645 1 102
112  21.21527802  105.82123008  21.21519261  105.82117268 1 102
112  21.21493659  105.82082491  21.21493392  105.82067476
111  21.21493659  105.82082491
112  21.21493659  105.82082491  21.21491952  105.82073106
111  21.21491738  105.82060287
111  21.21471252  105.82130791
111  21.21478508  105.82132851 1 102
111  21.21641100  105.82186038
111  21.21699150  105.82204907 1 102
111  21.21721139  105.82212055 1 102
112  21.21736077  105.82163526  21.21736504  105.82163526 1 102
111  21.21736504  105.82139719 1 102
111  21.21726538  105.82111550
113  21.21720712  105.82095081
110 2 0.00 0.0000 S1 South
111  21.22312144  105.78637107
111  21.22289218  105.78629331 1 102
111  21.22155345  105.79087231
111  21.22121115  105.79204311 1 102
111  21.22042659  105.79472660
111  21.21999160  105.79621446 1 102
111  21.21911410  105.79921587
111  21.21881585  105.80023598 1 102
111  21.21706201  105.80623482
111  21.21676871  105.80723804 1 102
111  21.21593349  105.81009483
111  21.21553277  105.81146544 1 102
111  21.21386411  105.81717292
111  21.21411379  105.81725763 1 102
111  21.21458251  105.81565021
111  21.21483633  105.81477975 1 102
111  21.21701523  105.80730755
111  21.21730661  105.80630832 1 102
111  21.21889314  105.80086754
111  21.21948386  105.79884174 1 102
111  21.22144561  105.79211421 1
113  21.22178700  105.79094346 1 102
110 2 0.00 0.0000 S1 West
111  21.22461588  105.78627416
111  21.22447867  105.78623161 1 102
111  21.22353989  105.78594055 1 102
112  21.22312024  105.78594662  21.22296094  105.78603681 1 102
112  21.22289218  105.78629331  21.22288600  105.78628890
111  21.22289218  105.78629331
112  21.22289218  105.78629331  21.22289732  105.78629552
112  21.22312144  105.78637107  21.22312041  105.78636996
111  21.22312144  105.78637107
112  21.22312144  105.78637107  21.22314099  105.78630593 1 102
112  21.22336741  105.78619492  21.22351343  105.78617594 1 102
112  21.22382617  105.78630098  21.22385048  105.78631165 1 102
112  21.22422619  105.78655256  21.22440684  105.78674035
111  21.22422619  105.78655256
112  21.22422619  105.78655256  21.22427100  105.78660979 1 102
111  21.22433485  105.78671953
112  21.22435550  105.78688272  21.22435550  105.78687127
113  21.22441952  105.78691476
110 2 0.00 0.0000 S1 East
111  21.21470278  105.81985627 1 102
112  21.21443710  105.81997378  21.21425678  105.81995814 1 102
111  21.21418423  105.81981507 1 102
112  21.21393028  105.81926913  21.21386804  105.81908028
111  21.21393028  105.81926913
112  21.21393028  105.81926913  21.21380047  105.81891241 1 102
111  21.21387462  105.81807767
111  21.21355068  105.81919931 1 102
111  21.21371049  105.81921076 1 102
112  21.21397510  105.81999819  21.21416545  105.82035208
111  21.21397510  105.81999819
112  21.21397510  105.81999819  21.21422946  105.82038779 1 102
112  21.21435281  105.82061624  21.21436775  105.82068720 1 102
111  21.21436183  105.82072457
111  21.21451855  105.82077731
113  21.21480307  105.81987916
110 2 0.00 0.0000 S1A East
111  21.21386411  105.81717292 1 102
111  21.21300668  105.82019387 1 102
112  21.21307121  105.82058942  21.21317569  105.82077731 1 102
111  21.21327095  105.82082346 1 102
111  21.21430345  105.82117286
111  21.21439871  105.82120912
111  21.21451855  105.82077731
111  21.21436183  105.82072457 1 102
112  21.21433110  105.82077974  21.21429779  105.82081235 1 102
111  21.21425849  105.82080489 1 102
112  21.21380257  105.82073117  21.21353001  105.82063149
111  21.21380257  105.82073117
112  21.21380257  105.82073117  21.21378337  105.82072034 1 102
112  21.21330834  105.82044989  21.21321052  105.82025870
111  21.21330834  105.82044989
112  21.21330834  105.82044989  21.21327966  105.82039330 1 102
112  21.21330219  105.82010488  21.21334522  105.81987689
111  21.21330219  105.82010488
112  21.21330219  105.82010488  21.21330106  105.82008056 1 102
112  21.21355068  105.81919931  21.21369016  105.81871189
111  21.21355068  105.81919931
112  21.21355068  105.81919931  21.21365367  105.81883942
112  21.21387462  105.81807767  21.21397661  105.81772681
111  21.21387462  105.81807767
112  21.21387462  105.81807767  21.21400895  105.81761556 1 102
113  21.21411379  105.81725763
110 2 0.00 0.0000 Connection S1
111  21.22042659  105.79472660 1 102
112  21.21995691  105.79513609  21.21969174  105.79503663 1 102
111  21.21984167  105.79448562 2
111  21.21938100  105.79606350 1 102
112  21.21987373  105.79551637  21.22014727  105.79563033
111  21.21987373  105.79551637
112  21.21987373  105.79551637  21.22012847  105.79558571 1 102
113  21.21999160  105.79621446
110 2 0.00 0.0000 Connection S1B
111  21.21593349  105.81009483 1 102
112  21.21547452  105.81043039  21.21527081  105.81035674 1 102
111  21.21537171  105.80979634 2
111  21.21491528  105.81135956 1 102
112  21.21535779  105.81084041  21.21559125  105.81092389 1 102
113  21.21553277  105.81146544
110 2 0.00 0.0000 Connection S4
111  21.21706201  105.80623482 1 102
112  21.21665970  105.80641472  21.21643798  105.80633317 1 102
111  21.21646753  105.80604333 2
111  21.21619936  105.80696179 1 102
112  21.21656467  105.80676937  21.21678814  105.80685095 1 102
113  21.21676871  105.80723804
110 2 0.00 0.0000 Connection S6A
112  21.21873676  105.79945066  21.21850559  105.79936227
111  21.21873676  105.79945066
112  21.21873676  105.79945066  21.21843464  105.79935736 1 102
111  21.21863631  105.79861560 2
111  21.21819971  105.80011088 1 102
112  21.21865436  105.79980176  21.21890613  105.79988278 1 102
111  21.21881585  105.80023598
113  21.21911410  105.79921587 1 102
110 2 0.00 0.0000 Connection S7
111  21.22155345  105.79087231 1 102
112  21.22114046  105.79112631  21.22093447  105.79102908 1 102
111  21.22094833  105.79068520 2
111  21.22061281  105.79184432 1 102
112  21.22106638  105.79147640  21.22132025  105.79156997 1 102
113  21.22121115  105.79204311
110 2 0.00 0.0000 Apron South
111  21.22073663  105.78597589 3 102
111  21.22021700  105.78783813 3 102
111  21.21998149  105.78776223
111  21.21733849  105.79710426 3 102
111  21.21695192  105.79847064 3 102
111  21.21645760  105.79830018 3 102
111  21.21585865  105.80041356
111  21.21548029  105.80171646 3 102
111  21.21541195  105.80199504 3 102
111  21.21521261  105.80194719 3 102
111  21.21508390  105.80242024
111  21.21527526  105.80280879
111  21.21513174  105.80333663
111  21.21518999  105.80368760
111  21.21564043  105.80421203
111  21.21561022  105.80471878
111  21.21553331  105.80479538
111  21.21501971  105.80483368
111  21.21458575  105.80432398
111  21.21424792  105.80422676
111  21.21377002  105.80432104 3 102
111  21.21356403  105.80439174 3 102
111  21.21346790  105.80474234 3 102
111  21.21375629  105.80554959 3 102
111  21.21337726  105.80699322 3 102
111  21.21361953  105.80705827 3 102
111  21.21319238  105.80866498 3 102
111  21.21451369  105.80911706 3 102
111  21.21425171  105.81005176 3 102
111  21.21373343  105.80989293 3 102
111  21.21336894  105.81107810 3 102
111  21.21290952  105.81094370 3 102
111  21.21281744  105.81125323 3 102
111  21.21263425  105.81118806 3 102
111  21.21256990  105.81141542
111  21.21223081  105.81261359 3 102
111  21.21215015  105.81289861 3 102
111  21.21425398  105.81362439 3 102
111  21.21491528  105.81135956
111  21.21537171  105.80979634 3 102
111  21.21619936  105.80696179
111  21.21646753  105.80604333 3 102
111  21.21819971  105.80011088
111  21.21863631  105.79861560 3 102
111  21.21938100  105.79606350
111  21.21984167  105.79448562 3 102
111  21.22061281  105.79184432
111  21.22094833  105.79068520 3 102
113  21.22218559  105.78644555 3 102
130 Airport Boundary
111  21.22599440  105.77950664
111  21.22535398  105.77955125
111  21.22396502  105.77915870
111  21.22378204  105.77907840
111  21.22364065  105.77929253
111  21.22261764  105.78278998
111  21.22171107  105.78589481
111  21.21851729  105.78473495
111  21.21769389  105.78444945
111  21.21668088  105.78811700
111  21.21566286  105.78774229
111  21.21528360  105.78793499
111  21.21361685  105.79396243
111  21.21466481  105.79431572
111  21.21343720  105.79855526
111  21.21366675  105.79861949
111  21.21329747  105.79970076
111  21.21214970  105.80088910
111  21.21172054  105.80116745
111  21.21138120  105.80177768
111  21.21136124  105.80265555
111  21.21166065  105.80320154
111  21.21195009  105.80358695
111  21.21163071  105.80507505
111  21.21228943  105.80538552
111  21.21073246  105.81122010
111  21.20928527  105.81628381
111  21.20931522  105.81680838
111  21.21316079  105.81897480
111  21.21144191  105.82472168
111  21.21224590  105.82590378
111  21.21372220  105.82707103
111  21.21570445  105.82787403
111  21.21953034  105.82301167
111  21.22115218  105.81930167
111  21.22246907  105.81468457
111  21.22481866  105.80646882
111  21.22719598  105.79829757
111  21.22871386  105.79300366
111  21.22665536  105.79227502
111  21.22745936  105.78946450
111  21.22752173  105.78947193
111  21.22772966  105.78940502
111  21.22788907  105.78925631
111  21.22876931  105.78620785
111  21.22843662  105.78414827
111  21.22941389  105.78092879
111  21.22722370  105.78021500
111  21.22765378  105.77857603
111  21.22818069  105.77675576
113  21.22692494  105.77639221
120 Hold 1
111  21.22396574  105.78607454 4 103
115  21.22389472  105.78632552
120 Hold 2
111  21.22235689  105.79153537 4 103
111  21.22227594  105.79182843 4 103
115  21.22227594  105.79182744
120 Hold 3
111  21.21995251  105.79986939 4 103
115  21.21987049  105.80015175
120 Hold 4
111  21.21784084  105.80683734 4 103
115  21.21776357  105.80714520
120 Hold 5
112  21.21541099  105.81532388  21.21541428  105.81531680 4 103
113  21.21533603  105.81562636 4 103
120 Hold 6
111  21.21424315  105.81991075 4 103
115  21.21406090  105.82008181
120 Hold 7
111  21.21386043  105.82076240 4 103
115  21.21381374  105.82099514
120 Hold 8
112  21.22420387  105.79220811  21.22420571  105.79220713 4 103
113  21.22414776  105.79238968 4 103
120 Hold 9
111  21.22038036  105.80567530 4 103
113  21.22054409  105.80586376 4 103
120 Hold 10
111  21.21942930  105.80956950 4 103
113  21.21919935  105.80961982 4 103
120 Hold 11
111  21.21756498  105.81602970 4 103
113  21.21748404  105.81632374 4 103
120 Hold 12
111  21.21572969  105.82140957 4 103
113  21.21566714  105.82161382 4 103
14  21.22320918  105.80533834  82.02 0 Tower
18  21.22319613  105.80520905 1 Beacon
99
